 2006    4    1    1    0    0         .95       16.37       80.00     1022.00         .00      100.80         .00       35.00      -11.00       17.37       17.37       17.37
 2006    4    1    2    0    0         .91       16.37       80.00     1022.00         .00       89.40         .00       35.00      -11.00       17.37       17.37       17.37
 2006    4    1    3    0    0         .91       16.37       80.00     1022.00         .00      100.80         .00       35.00      -11.00       17.37       17.37       17.37
 2006    4    1    4    0    0        1.00       16.37       80.00     1022.00         .00      102.80         .00       35.00      -11.00       17.37       17.37       17.37
 2006    4    1    5    0    0        1.13       16.37       80.00     1022.00         .00       91.10         .00       35.00      -11.00       17.37       17.37       17.37
 2006    4    1    6    0    0        1.17       16.37       80.00     1022.00         .00      102.80         .00       35.00      -11.00       17.37       17.37       17.37
 2006    4    1    7    0    0        1.03       16.37       80.00     1022.00         .00       98.10         .00       35.00      -11.00       17.37       17.37       17.37
 2006    4    1    8    0    0         .98       16.37       80.00     1022.00       96.04       87.20         .00       35.00      -11.00       17.37       17.37       17.37
 2006    4    1    9    0    0         .96       16.37       80.00     1022.00      336.70       98.10         .00       35.00      -11.00       17.37       17.37       17.37
 2006    4    1   10    0    0         .99       16.37       80.00     1022.00      580.86       89.70         .00       35.00      -11.00       17.37       17.37       17.37
 2006    4    1   11    0    0        1.07       16.37       80.00     1022.00      852.32       80.00         .00       35.00      -11.00       17.37       17.37       17.37
 2006    4    1   12    0    0        1.15       16.37       80.00     1022.00      966.14       89.70         .00       35.00      -11.00       17.37       17.37       17.37
 2006    4    1   13    0    0         .97       16.37       80.00     1022.00      980.56       78.90         .00       35.00      -11.00       17.37       17.37       17.37
 2006    4    1   14    0    0        1.06       16.37       80.00     1022.00     1043.84       70.00         .00       35.00      -11.00       17.37       17.37       17.37
 2006    4    1   15    0    0        1.16       16.37       80.00     1022.00      648.90       78.90         .00       35.00      -11.00       17.37       17.37       17.37
 2006    4    1   16    0    0        1.25       16.37       80.00     1022.00      627.06       77.50         .00       35.00      -11.00       17.37       17.37       17.37
 2006    4    1   17    0    0        1.35       16.37       80.00     1022.00      469.28       69.20         .00       35.00      -11.00       17.37       17.37       17.37
 2006    4    1   18    0    0        1.40       16.37       80.00     1022.00      298.48       77.50         .00       35.00      -11.00       17.37       17.37       17.37
 2006    4    1   19    0    0        1.41       16.37       80.00     1022.00       66.92       61.40         .00       35.00      -11.00       17.37       17.37       17.37
 2006    4    1   20    0    0        1.45       16.37       80.00     1022.00         .00       54.70         .00       35.00      -11.00       17.37       17.37       17.37
 2006    4    1   21    0    0        1.44       16.37       80.00     1022.00         .00       61.40         .00       35.00      -11.00       17.37       17.37       17.37
 2006    4    1   22    0    0        1.38       16.37       80.00     1022.00         .00       43.10         .00       35.00      -11.00       17.37       17.37       17.37
 2006    4    1   23    0    0        1.37       16.37       80.00     1022.00         .00       38.10         .00       35.00      -11.00       17.37       17.37       17.37
 2006    4    1   24    0    0        1.39       16.37       80.00     1022.00         .00       42.80         .00       35.00      -11.00       17.37       17.37       17.37
