 2006    4    1    1   10    0         .94       16.37       80.00     1022.00         .00       98.90         .00       35.00      349.00       17.37       17.37       17.37         .00         .08        2.04        5.24        1.94         .22
 2006    4    1    1   20    0         .94       16.37       80.00     1022.00         .00       97.00         .00       35.00      349.00       17.37       17.37       17.37         .00         .07        2.04        5.24        1.94         .21
 2006    4    1    1   30    0         .93       16.37       80.00     1022.00         .00       95.10         .00       35.00      349.00       17.37       17.37       17.37         .00         .06        2.04        5.24        1.94         .19
 2006    4    1    1   40    0         .92       16.37       80.00     1022.00         .00       93.20         .00       35.00      349.00       17.37       17.37       17.37         .00         .05        2.04        5.24        1.94         .18
 2006    4    1    1   50    0         .92       16.37       80.00     1022.00         .00       91.30         .00       35.00      349.00       17.37       17.37       17.37         .00         .04        2.04        5.24        1.94         .16
 2006    4    1    2    0    0         .91       16.37       80.00     1022.00         .00       89.40         .00       35.00      349.00       17.37       17.37       17.37         .00         .03        2.04        5.24        1.94         .15
 2006    4    1    2   10    0         .91       16.37       80.00     1022.00         .00       91.30         .00       35.00      349.00       17.37       17.37       17.37         .00         .02        2.04        5.24        1.94         .14
 2006    4    1    2   20    0         .91       16.37       80.00     1022.00         .00       93.20         .00       35.00      349.00       17.37       17.37       17.37         .00         .01        2.04        5.24        1.94         .13
 2006    4    1    2   30    0         .91       16.37       80.00     1022.00         .00       95.10         .00       35.00      349.00       17.37       17.37       17.37         .00         .00        2.04        5.24        1.94         .11
 2006    4    1    2   40    0         .91       16.37       80.00     1022.00         .00       97.00         .00       35.00      349.00       17.37       17.37       17.37         .00         .00        2.04        5.24        1.94         .10
 2006    4    1    2   50    0         .91       16.37       80.00     1022.00         .00       98.90         .00       35.00      349.00       17.37       17.37       17.37         .00         .00        2.04        5.24        1.94         .10
 2006    4    1    3    0    0         .91       16.37       80.00     1022.00         .00      100.80         .00       35.00      349.00       17.37       17.37       17.37         .00         .00        2.04        5.24        1.94         .09
 2006    4    1    3   10    0         .93       16.37       80.00     1022.00         .00      101.13         .00       35.00      349.00       17.37       17.37       17.37         .00         .00        2.04        5.24        1.94         .08
 2006    4    1    3   20    0         .94       16.37       80.00     1022.00         .00      101.47         .00       35.00      349.00       17.37       17.37       17.37         .00         .00        2.04        5.24        1.94         .07
 2006    4    1    3   30    0         .96       16.37       80.00     1022.00         .00      101.80         .00       35.00      349.00       17.37       17.37       17.37         .00         .00        2.04        5.24        1.94         .07
 2006    4    1    3   40    0         .97       16.37       80.00     1022.00         .00      102.13         .00       35.00      349.00       17.37       17.37       17.37         .00         .00        2.04        5.24        1.94         .06
 2006    4    1    3   50    0         .99       16.37       80.00     1022.00         .00      102.47         .00       35.00      349.00       17.37       17.37       17.37         .00         .00        2.04        5.24        1.94         .06
 2006    4    1    4    0    0        1.00       16.37       80.00     1022.00         .00      102.80         .00       35.00      349.00       17.37       17.37       17.37         .00         .00        2.04        5.24        1.94         .06
 2006    4    1    4   10    0        1.02       16.37       80.00     1022.00         .00      100.85         .00       35.00      349.00       17.37       17.37       17.37         .00         .00        2.04        5.24        1.94         .06
 2006    4    1    4   20    0        1.04       16.37       80.00     1022.00         .00       98.90         .00       35.00      349.00       17.37       17.37       17.37         .00         .00        2.04        5.24        1.94         .05
 2006    4    1    4   30    0        1.07       16.37       80.00     1022.00         .00       96.95         .00       35.00      349.00       17.37       17.37       17.37         .00         .00        2.04        5.24        1.94         .05
 2006    4    1    4   40    0        1.09       16.37       80.00     1022.00         .00       95.00         .00       35.00      349.00       17.37       17.37       17.37         .00         .00        2.04        5.24        1.94         .05
 2006    4    1    4   50    0        1.11       16.37       80.00     1022.00         .00       93.05         .00       35.00      349.00       17.37       17.37       17.37         .00         .00        2.04        5.24        1.94         .05
 2006    4    1    5    0    0        1.13       16.37       80.00     1022.00         .00       91.10         .00       35.00      349.00       17.37       17.37       17.37         .00         .00        2.04        5.24        1.94         .04
 2006    4    1    5   10    0        1.14       16.37       80.00     1022.00         .00       93.05         .00       35.00      349.00       17.37       17.37       17.37         .00         .00        2.04        5.24        1.94         .04
 2006    4    1    5   20    0        1.14       16.37       80.00     1022.00         .00       95.00         .00       35.00      349.00       17.37       17.37       17.37         .00         .00        2.04        5.24        1.94         .04
 2006    4    1    5   30    0        1.15       16.37       80.00     1022.00         .00       96.95         .00       35.00      349.00       17.37       17.37       17.37         .00         .00        2.04        5.24        1.94         .04
 2006    4    1    5   40    0        1.16       16.37       80.00     1022.00         .00       98.90         .00       35.00      349.00       17.37       17.37       17.37         .00         .00        2.04        5.24        1.94         .03
 2006    4    1    5   50    0        1.16       16.37       80.00     1022.00         .00      100.85         .00       35.00      349.00       17.37       17.37       17.37         .00         .00        2.04        5.24        1.94         .03
 2006    4    1    6    0    0        1.17       16.37       80.00     1022.00         .00      102.80         .00       35.00      349.00       17.37       17.37       17.37         .00         .00        2.04        5.24        1.94         .02
 2006    4    1    6   10    0        1.15       16.37       80.00     1022.00         .00      102.02         .00       35.00      349.00       17.37       17.37       17.37         .00         .00        2.04        5.24        1.94         .02
 2006    4    1    6   20    0        1.12       16.37       80.00     1022.00         .00      101.23         .00       35.00      349.00       17.37       17.37       17.37         .00         .00        2.04        5.24        1.94         .01
 2006    4    1    6   30    0        1.10       16.37       80.00     1022.00         .00      100.45         .00       35.00      349.00       17.37       17.37       17.37         .00         .00        2.04        5.24        1.94         .01
 2006    4    1    6   40    0        1.08       16.37       80.00     1022.00         .00       99.67         .00       35.00      349.00       17.37       17.37       17.37         .00         .00        2.04        5.24        1.94         .01
 2006    4    1    6   50    0        1.05       16.37       80.00     1022.00         .00       98.88         .00       35.00      349.00       17.37       17.37       17.37         .00         .00        2.04        5.24        1.94         .00
 2006    4    1    7    0    0        1.03       16.37       80.00     1022.00         .00       98.10         .00       35.00      349.00       17.37       17.37       17.37         .00         .00        2.04        5.24        1.94         .00
 2006    4    1    7   10    0        1.02       16.37       80.00     1022.00       16.01       96.28         .00       35.00      349.00       17.37       17.37       17.37         .00         .00        2.04        5.24        1.94         .00
 2006    4    1    7   20    0        1.01       16.37       80.00     1022.00       32.01       94.47         .00       35.00      349.00       17.37       17.37       17.37         .00         .00        2.04        5.24        1.94         .00
 2006    4    1    7   30    0        1.00       16.37       80.00     1022.00       48.02       92.65         .00       35.00      349.00       17.37       17.37       17.37         .00         .00        2.04        5.24        1.94         .00
 2006    4    1    7   40    0        1.00       16.37       80.00     1022.00       64.03       90.83         .00       35.00      349.00       17.37       17.37       17.37         .00         .00        2.04        5.24        1.94         .01
 2006    4    1    7   50    0         .99       16.37       80.00     1022.00       80.03       89.02         .00       35.00      349.00       17.37       17.37       17.37         .00         .00        2.04        5.24        1.94         .01
 2006    4    1    8    0    0         .98       16.37       80.00     1022.00       96.04       87.20         .00       35.00      349.00       17.37       17.37       17.37         .00         .00        2.04        5.24        1.94         .02
 2006    4    1    8   10    0         .98       16.37       80.00     1022.00      136.15       89.02         .00       35.00      349.00       17.37       17.37       17.37         .00         .00        2.04        5.24        1.94         .03
 2006    4    1    8   20    0         .97       16.37       80.00     1022.00      176.26       90.83         .00       35.00      349.00       17.37       17.37       17.37         .00         .00        2.04        5.24        1.94         .04
 2006    4    1    8   30    0         .97       16.37       80.00     1022.00      216.37       92.65         .00       35.00      349.00       17.37       17.37       17.37         .00         .00        2.04        5.24        1.94         .05
 2006    4    1    8   40    0         .97       16.37       80.00     1022.00      256.48       94.47         .00       35.00      349.00       17.37       17.37       17.37         .00         .00        2.04        5.24        1.94         .07
 2006    4    1    8   50    0         .96       16.37       80.00     1022.00      296.59       96.28         .00       35.00      349.00       17.37       17.37       17.37         .00         .00        2.04        5.24        1.94         .09
 2006    4    1    9    0    0         .96       16.37       80.00     1022.00      336.70       98.10         .00       35.00      349.00       17.37       17.37       17.37         .00         .00        2.04        5.24        1.94         .11
 2006    4    1    9   10    0         .96       16.37       80.00     1022.00      377.39       96.70         .00       35.00      349.00       17.37       17.37       17.37         .00         .00        2.04        5.24        1.94         .13
 2006    4    1    9   20    0         .97       16.37       80.00     1022.00      418.09       95.30         .00       35.00      349.00       17.37       17.37       17.37         .00         .00        2.04        5.24        1.94         .15
 2006    4    1    9   30    0         .98       16.37       80.00     1022.00      458.78       93.90         .00       35.00      349.00       17.37       17.37       17.37         .00         .00        2.04        5.24        1.94         .18
 2006    4    1    9   40    0         .98       16.37       80.00     1022.00      499.47       92.50         .00       35.00      349.00       17.37       17.37       17.37         .00         .00        2.04        5.24        1.94         .21
 2006    4    1    9   50    0         .99       16.37       80.00     1022.00      540.17       91.10         .00       35.00      349.00       17.37       17.37       17.37         .00         .01        2.04        5.24        1.94         .23
 2006    4    1   10    0    0         .99       16.37       80.00     1022.00      580.86       89.70         .00       35.00      349.00       17.37       17.37       17.37         .00         .07        2.04        5.24        1.94         .27
 2006    4    1   10   10    0        1.00       16.37       80.00     1022.00      626.10       88.08         .00       35.00      349.00       17.37       17.37       17.37         .00         .14        2.04        5.24        1.94         .30
 2006    4    1   10   20    0        1.02       16.37       80.00     1022.00      671.35       86.47         .00       35.00      349.00       17.37       17.37       17.37         .00         .21        2.04        5.24        1.94         .33
 2006    4    1   10   30    0        1.03       16.37       80.00     1022.00      716.59       84.85         .00       35.00      349.00       17.37       17.37       17.37         .00         .28        2.04        5.24        1.94         .36
 2006    4    1   10   40    0        1.04       16.37       80.00     1022.00      761.83       83.23         .00       35.00      349.00       17.37       17.37       17.37         .00         .35        2.04        5.24        1.94         .40
 2006    4    1   10   50    0        1.06       16.37       80.00     1022.00      807.08       81.62         .00       35.00      349.00       17.37       17.37       17.37         .13         .43        2.04        5.24        1.94         .43
 2006    4    1   11    0    0        1.07       16.37       80.00     1022.00      852.32       80.00         .00       35.00      349.00       17.37       17.37       17.37         .23         .51        2.04        5.24        1.94         .47
 2006    4    1   11   10    0        1.08       16.37       80.00     1022.00      871.29       81.62         .00       35.00      349.00       17.37       17.37       17.37         .32         .58        2.04        5.24        1.94         .51
 2006    4    1   11   20    0        1.10       16.37       80.00     1022.00      890.26       83.23         .00       35.00      349.00       17.37       17.37       17.37         .40         .65        2.04        5.24        1.94         .55
 2006    4    1   11   30    0        1.11       16.37       80.00     1022.00      909.23       84.85         .00       35.00      349.00       17.37       17.37       17.37         .48         .72        2.04        5.24        1.94         .58
 2006    4    1   11   40    0        1.12       16.37       80.00     1022.00      928.20       86.47         .00       35.00      349.00       17.37       17.37       17.37         .56         .79        2.04        5.24        1.94         .62
 2006    4    1   11   50    0        1.14       16.37       80.00     1022.00      947.17       88.08         .00       35.00      349.00       17.37       17.37       17.37         .64         .86        2.04        5.24        1.94         .66
 2006    4    1   12    0    0        1.15       16.37       80.00     1022.00      966.14       89.70         .00       35.00      349.00       17.37       17.37       17.37         .72         .92        2.04        5.24        1.94         .71
 2006    4    1   12   10    0        1.12       16.37       80.00     1022.00      968.54       87.90         .00       35.00      349.00       17.37       17.37       17.37         .78        1.00        2.04        5.24        1.94         .76
 2006    4    1   12   20    0        1.09       16.37       80.00     1022.00      970.95       86.10         .00       35.00      349.00       17.37       17.37       17.37         .84        1.07        2.04        5.24        1.94         .81
 2006    4    1   12   30    0        1.06       16.37       80.00     1022.00      973.35       84.30         .00       35.00      349.00       17.37       17.37       17.37         .89        1.14        2.04        5.24        1.94         .86
 2006    4    1   12   40    0        1.03       16.37       80.00     1022.00      975.75       82.50         .00       35.00      349.00       17.37       17.37       17.37         .95        1.21        2.04        5.24        1.94         .91
 2006    4    1   12   50    0        1.00       16.37       80.00     1022.00      978.16       80.70         .00       35.00      349.00       17.37       17.37       17.37        1.00        1.28        2.04        5.24        1.94         .97
 2006    4    1   13    0    0         .97       16.37       80.00     1022.00      980.56       78.90         .00       35.00      349.00       17.37       17.37       17.37        1.05        1.35        2.04        5.24        1.94        1.02
 2006    4    1   13   10    0         .99       16.37       80.00     1022.00      991.11       77.42         .00       35.00      349.00       17.37       17.37       17.37        1.10        1.38        2.04        5.24        1.94        1.07
 2006    4    1   13   20    0        1.00       16.37       80.00     1022.00     1001.65       75.93         .00       35.00      349.00       17.37       17.37       17.37        1.15        1.42        2.04        5.24        1.94        1.11
 2006    4    1   13   30    0        1.01       16.37       80.00     1022.00     1012.20       74.45         .00       35.00      349.00       17.37       17.37       17.37        1.20        1.44        2.04        5.24        1.94        1.15
 2006    4    1   13   40    0        1.03       16.37       80.00     1022.00     1022.75       72.97         .00       35.00      349.00       17.37       17.37       17.37        1.25        1.47        2.04        5.24        1.94        1.18
 2006    4    1   13   50    0        1.04       16.37       80.00     1022.00     1033.29       71.48         .00       35.00      349.00       17.37       17.37       17.37        1.29        1.49        2.04        5.24        1.94        1.22
 2006    4    1   14    0    0        1.06       16.37       80.00     1022.00     1043.84       70.00         .00       35.00      349.00       17.37       17.37       17.37        1.34        1.51        2.04        5.24        1.94        1.25
 2006    4    1   14   10    0        1.08       16.37       80.00     1022.00      978.02       71.48         .00       35.00      349.00       17.37       17.37       17.37        1.35        1.53        2.04        5.24        1.94        1.28
 2006    4    1   14   20    0        1.09       16.37       80.00     1022.00      912.19       72.97         .00       35.00      349.00       17.37       17.37       17.37        1.33        1.54        2.04        5.24        1.94        1.30
 2006    4    1   14   30    0        1.11       16.37       80.00     1022.00      846.37       74.45         .00       35.00      349.00       17.37       17.37       17.37        1.29        1.55        2.04        5.24        1.94        1.32
 2006    4    1   14   40    0        1.13       16.37       80.00     1022.00      780.55       75.93         .00       35.00      349.00       17.37       17.37       17.37        1.22        1.56        2.04        5.24        1.94        1.34
 2006    4    1   14   50    0        1.14       16.37       80.00     1022.00      714.72       77.42         .00       35.00      349.00       17.37       17.37       17.37        1.14        1.56        2.04        5.24        1.94        1.35
 2006    4    1   15    0    0        1.16       16.37       80.00     1022.00      648.90       78.90         .00       35.00      349.00       17.37       17.37       17.37        1.04        1.56        2.04        5.24        1.94        1.36
 2006    4    1   15   10    0        1.17       16.37       80.00     1022.00      645.26       78.67         .00       35.00      349.00       17.37       17.37       17.37         .96        1.57        2.04        5.24        1.94        1.37
 2006    4    1   15   20    0        1.19       16.37       80.00     1022.00      641.62       78.43         .00       35.00      349.00       17.37       17.37       17.37         .89        1.56        2.04        5.24        1.94        1.37
 2006    4    1   15   30    0        1.20       16.37       80.00     1022.00      637.98       78.20         .00       35.00      349.00       17.37       17.37       17.37         .82        1.56        2.04        5.24        1.94        1.37
 2006    4    1   15   40    0        1.22       16.37       80.00     1022.00      634.34       77.97         .00       35.00      349.00       17.37       17.37       17.37         .77        1.55        2.04        5.24        1.94        1.37
 2006    4    1   15   50    0        1.24       16.37       80.00     1022.00      630.70       77.73         .00       35.00      349.00       17.37       17.37       17.37         .72        1.54        2.04        5.24        1.94        1.36
 2006    4    1   16    0    0        1.25       16.37       80.00     1022.00      627.06       77.50         .00       35.00      349.00       17.37       17.37       17.37         .68        1.52        2.04        5.24        1.94        1.35
 2006    4    1   16   10    0        1.27       16.37       80.00     1022.00      600.76       76.12         .00       35.00      349.00       17.37       17.37       17.37         .63        1.50        2.04        5.24        1.94        1.33
 2006    4    1   16   20    0        1.28       16.37       80.00     1022.00      574.47       74.73         .00       35.00      349.00       17.37       17.37       17.37         .59        1.48        2.04        5.24        1.94        1.31
 2006    4    1   16   30    0        1.30       16.37       80.00     1022.00      548.17       73.35         .00       35.00      349.00       17.37       17.37       17.37         .54        1.45        2.04        5.24        1.94        1.29
 2006    4    1   16   40    0        1.32       16.37       80.00     1022.00      521.87       71.97         .00       35.00      349.00       17.37       17.37       17.37         .49        1.41        2.04        5.24        1.94        1.27
 2006    4    1   16   50    0        1.33       16.37       80.00     1022.00      495.58       70.58         .00       35.00      349.00       17.37       17.37       17.37         .44        1.38        2.04        5.24        1.94        1.25
 2006    4    1   17    0    0        1.35       16.37       80.00     1022.00      469.28       69.20         .00       35.00      349.00       17.37       17.37       17.37         .39        1.34        2.04        5.24        1.94        1.22
 2006    4    1   17   10    0        1.36       16.37       80.00     1022.00      440.81       70.58         .00       35.00      349.00       17.37       17.37       17.37         .33        1.30        2.04        5.24        1.94        1.20
 2006    4    1   17   20    0        1.37       16.37       80.00     1022.00      412.35       71.97         .00       35.00      349.00       17.37       17.37       17.37         .29        1.26        2.04        5.24        1.94        1.17
 2006    4    1   17   30    0        1.38       16.37       80.00     1022.00      383.88       73.35         .00       35.00      349.00       17.37       17.37       17.37         .24        1.21        2.04        5.24        1.94        1.15
 2006    4    1   17   40    0        1.38       16.37       80.00     1022.00      355.41       74.73         .00       35.00      349.00       17.37       17.37       17.37         .19        1.16        2.04        5.24        1.94        1.12
 2006    4    1   17   50    0        1.39       16.37       80.00     1022.00      326.95       76.12         .00       35.00      349.00       17.37       17.37       17.37         .15        1.11        2.04        5.24        1.94        1.09
 2006    4    1   18    0    0        1.40       16.37       80.00     1022.00      298.48       77.50         .00       35.00      349.00       17.37       17.37       17.37         .11        1.06        2.04        5.24        1.94        1.07
 2006    4    1   18   10    0        1.40       16.37       80.00     1022.00      259.89       74.82         .00       35.00      349.00       17.37       17.37       17.37         .07        1.02        2.04        5.24        1.94        1.04
 2006    4    1   18   20    0        1.40       16.37       80.00     1022.00      221.29       72.13         .00       35.00      349.00       17.37       17.37       17.37         .04         .97        2.04        5.24        1.94        1.02
 2006    4    1   18   30    0        1.40       16.37       80.00     1022.00      182.70       69.45         .00       35.00      349.00       17.37       17.37       17.37         .01         .92        2.04        5.24        1.94         .99
 2006    4    1   18   40    0        1.41       16.37       80.00     1022.00      144.11       66.77         .00       35.00      349.00       17.37       17.37       17.37         .00         .87        2.04        5.24        1.94         .97
 2006    4    1   18   50    0        1.41       16.37       80.00     1022.00      105.51       64.08         .00       35.00      349.00       17.37       17.37       17.37         .00         .82        2.04        5.24        1.94         .94
 2006    4    1   19    0    0        1.41       16.37       80.00     1022.00       66.92       61.40         .00       35.00      349.00       17.37       17.37       17.37         .00         .77        2.04        5.24        1.94         .91
 2006    4    1   19   10    0        1.42       16.37       80.00     1022.00       55.77       60.28         .00       35.00      349.00       17.37       17.37       17.37         .00         .72        2.04        5.24        1.94         .89
 2006    4    1   19   20    0        1.42       16.37       80.00     1022.00       44.61       59.17         .00       35.00      349.00       17.37       17.37       17.37         .00         .68        2.04        5.24        1.94         .86
 2006    4    1   19   30    0        1.43       16.37       80.00     1022.00       33.46       58.05         .00       35.00      349.00       17.37       17.37       17.37         .00         .64        2.04        5.24        1.94         .83
 2006    4    1   19   40    0        1.44       16.37       80.00     1022.00       22.31       56.93         .00       35.00      349.00       17.37       17.37       17.37         .00         .60        2.04        5.24        1.94         .81
 2006    4    1   19   50    0        1.44       16.37       80.00     1022.00       11.15       55.82         .00       35.00      349.00       17.37       17.37       17.37         .00         .56        2.04        5.24        1.94         .78
 2006    4    1   20    0    0        1.45       16.37       80.00     1022.00         .00       54.70         .00       35.00      349.00       17.37       17.37       17.37         .00         .52        2.04        5.24        1.94         .75
 2006    4    1   20   10    0        1.45       16.37       80.00     1022.00         .00       55.82         .00       35.00      349.00       17.37       17.37       17.37         .00         .49        2.04        5.24        1.94         .73
 2006    4    1   20   20    0        1.45       16.37       80.00     1022.00         .00       56.93         .00       35.00      349.00       17.37       17.37       17.37         .00         .46        2.04        5.24        1.94         .70
 2006    4    1   20   30    0        1.45       16.37       80.00     1022.00         .00       58.05         .00       35.00      349.00       17.37       17.37       17.37         .00         .43        2.04        5.24        1.94         .68
 2006    4    1   20   40    0        1.44       16.37       80.00     1022.00         .00       59.17         .00       35.00      349.00       17.37       17.37       17.37         .00         .41        2.04        5.24        1.94         .65
 2006    4    1   20   50    0        1.44       16.37       80.00     1022.00         .00       60.28         .00       35.00      349.00       17.37       17.37       17.37         .00         .39        2.04        5.24        1.94         .63
 2006    4    1   21    0    0        1.44       16.37       80.00     1022.00         .00       61.40         .00       35.00      349.00       17.37       17.37       17.37         .00         .36        2.04        5.24        1.94         .60
 2006    4    1   21   10    0        1.43       16.37       80.00     1022.00         .00       58.35         .00       35.00      349.00       17.37       17.37       17.37         .00         .35        2.04        5.24        1.94         .58
 2006    4    1   21   20    0        1.42       16.37       80.00     1022.00         .00       55.30         .00       35.00      349.00       17.37       17.37       17.37         .00         .33        2.04        5.24        1.94         .56
 2006    4    1   21   30    0        1.41       16.37       80.00     1022.00         .00       52.25         .00       35.00      349.00       17.37       17.37       17.37         .00         .31        2.04        5.24        1.94         .53
 2006    4    1   21   40    0        1.40       16.37       80.00     1022.00         .00       49.20         .00       35.00      349.00       17.37       17.37       17.37         .00         .30        2.04        5.24        1.94         .51
 2006    4    1   21   50    0        1.39       16.37       80.00     1022.00         .00       46.15         .00       35.00      349.00       17.37       17.37       17.37         .00         .28        2.04        5.24        1.94         .49
 2006    4    1   22    0    0        1.38       16.37       80.00     1022.00         .00       43.10         .00       35.00      349.00       17.37       17.37       17.37         .00         .27        2.04        5.24        1.94         .47
 2006    4    1   22   10    0        1.38       16.37       80.00     1022.00         .00       42.27         .00       35.00      349.00       17.37       17.37       17.37         .00         .25        2.04        5.24        1.94         .45
 2006    4    1   22   20    0        1.38       16.37       80.00     1022.00         .00       41.43         .00       35.00      349.00       17.37       17.37       17.37         .00         .24        2.04        5.24        1.94         .44
 2006    4    1   22   30    0        1.38       16.37       80.00     1022.00         .00       40.60         .00       35.00      349.00       17.37       17.37       17.37         .00         .22        2.04        5.24        1.94         .42
 2006    4    1   22   40    0        1.37       16.37       80.00     1022.00         .00       39.77         .00       35.00      349.00       17.37       17.37       17.37         .00         .21        2.04        5.24        1.94         .40
 2006    4    1   22   50    0        1.37       16.37       80.00     1022.00         .00       38.93         .00       35.00      349.00       17.37       17.37       17.37         .00         .20        2.04        5.24        1.94         .39
 2006    4    1   23    0    0        1.37       16.37       80.00     1022.00         .00       38.10         .00       35.00      349.00       17.37       17.37       17.37         .00         .19        2.04        5.24        1.94         .37
 2006    4    1   23   10    0        1.37       16.37       80.00     1022.00         .00       38.88         .00       35.00      349.00       17.37       17.37       17.37         .00         .18        2.04        5.24        1.94         .36
 2006    4    1   23   20    0        1.38       16.37       80.00     1022.00         .00       39.67         .00       35.00      349.00       17.37       17.37       17.37         .00         .17        2.04        5.24        1.94         .34
 2006    4    1   23   30    0        1.38       16.37       80.00     1022.00         .00       40.45         .00       35.00      349.00       17.37       17.37       17.37         .00         .15        2.04        5.24        1.94         .33
 2006    4    1   23   40    0        1.38       16.37       80.00     1022.00         .00       41.23         .00       35.00      349.00       17.37       17.37       17.37         .00         .14        2.04        5.24        1.94         .31
 2006    4    1   23   50    0        1.39       16.37       80.00     1022.00         .00       42.02         .00       35.00      349.00       17.37       17.37       17.37         .00         .14        2.04        5.24        1.94         .30
